[42050.71178187527.54.226.99]
created=42050.711781875
IP=27.54.226.99
port=22
user=root
pass=528EC50153F57B9AFB1C79A5F90214
LoginType=1
options=3030333000033001103000010003333000001012000133103
Proxy=0
ID=FCE796A6
