[#Total#]
LR=42050.7119049653
TC=1

[42050.71178187527.54.226.99]
TC=1
LC=42050.7119049653
